170;34;12;-7;-175;-13;-58;132;164;184;106;-80;105;-37;-19;52;42;-77;138;110;-152;-152;111;123;136;-35;-72;174;181;102;-69;-12;-168;173;-55;-33;-167;-174;-3;-99;2;-181;-118;114;7;-25;94;-76;-108;134;-100;-195;-185;-133;-109;173;195;-148;160;161;-111;147;-114;-38;154;195;-131;-34;-182;-51;200;84;114;-73;48;-152;168;84;-93;-186;130;96;49;-105;-78;199;-75;-19;162;-107;-143;74;-80;62;15;-163;-100;-82;-68;-28
-43;104;75;-150;-193;154;24;-136;93;103;159;-194;-9;-193;57;138;65;-168;-36;-43;61;32;-80;84;-109;-197;-131;-191;122;-53;-157;19;-133;-199;161;-12;-42;-65;-94;-61;51;0;-157;-32;-18;-187;-148;113;75;-73;-188;-84;82;-179;94;35;-92;196;95;-36;0;-16;131;-93;-136;-163;-141;-57;118;150;199;-13;-123;162;-134;139;-161;9;92;100;-149;134;-97;-168;-198;26;135;50;142;26;171;-78;103;20;8;114;-90;-100;98;-64
-97;67;-173;-43;194;5;-161;108;54;-123;132;93;158;-62;171;-151;13;164;-182;-163;165;-136;80;189;54;-131;91;-158;31;118;38;-149;-25;150;46;24;-161;-121;-8;169;15;-198;-30;-119;-58;-103;-57;187;49;-8;-32;-40;105;-49;-123;-197;49;-37;145;89;-31;135;30;98;114;-116;-90;-138;-153;98;28;-142;152;-4;-57;95;128;-97;148;-29;56;-113;133;69;142;-30;-102;-57;81;109;-137;95;50;41;-18;187;-2;165;20;-8
-155;176;-53;-110;-14;-98;182;-72;-84;-120;-178;-13;152;-119;39;-76;-27;32;143;-73;60;159;112;164;-17;155;170;-76;171;77;-128;-51;128;92;167;60;131;7;20;-54;93;68;-188;-66;-3;36;-192;-64;-180;137;-64;-126;172;136;-176;170;93;-30;100;-47;-51;-70;-31;-163;-79;-64;59;-10;4;153;27;-188;162;52;-115;-15;-136;-155;58;103;-179;121;143;166;46;62;-141;55;99;-86;148;96;113;167;190;150;172;25;63;-155
-108;20;42;-15;92;-159;191;-28;165;142;-47;172;165;-39;-94;-173;45;-26;194;81;9;-77;-126;-17;132;80;-126;14;24;-177;90;65;-192;-88;146;130;-5;-6;110;-78;-81;65;86;-134;5;-127;151;-95;-35;169;-15;-122;177;-190;-35;-168;-66;-171;122;168;-148;168;175;-59;-8;93;-20;-196;44;-195;57;-91;-43;151;-108;-84;91;85;-95;187;-70;12;74;-110;-16;30;-50;145;131;27;-78;-105;115;92;-79;3;25;165;199;197
-180;-10;53;-112;-200;-158;-32;-180;80;194;93;38;23;68;39;-149;-129;15;-87;-45;130;82;-71;-194;168;-111;-69;-164;-120;-60;-141;149;50;-139;156;-151;70;-55;92;-85;51;69;-35;-152;-4;-157;43;-172;152;31;-144;-62;-49;-46;44;196;-173;70;-69;-76;-103;-60;160;5;-170;-73;-147;-150;145;59;183;156;184;102;-170;148;-5;126;6;-134;-48;-107;-26;-21;27;174;127;-123;83;131;-76;-31;-158;-172;-171;86;24;-136;181;92
-186;190;-30;42;177;190;110;-75;-89;-77;76;27;66;146;199;-127;-32;140;-52;-164;40;-74;194;-127;-189;148;-62;-125;31;-136;-176;122;166;73;-16;-137;-155;-7;25;153;150;-112;-188;-110;5;-99;-190;-34;-19;-183;-180;-166;191;-172;-185;-182;-7;-171;-115;45;-106;-100;19;-55;-33;43;-146;131;98;162;138;-6;-41;-49;-127;-20;-109;-118;-140;-27;61;87;-161;29;28;-165;-186;177;146;77;7;-28;60;-152;188;114;-136;62;94;-29
-30;-106;-186;180;-69;-184;165;-116;75;117;48;139;16;-161;-97;-31;160;4;-108;-122;153;-34;69;31;156;56;28;-26;30;-179;-38;-73;130;-199;38;187;-58;153;-32;45;23;-2;165;-136;-117;-142;177;-123;196;-91;63;-189;52;-112;4;-89;22;-2;124;-74;-92;137;-5;-160;-129;131;166;-46;136;-129;37;71;-37;-99;-21;-196;54;16;115;35;200;-137;-80;25;82;38;9;49;29;-133;118;-74;150;-36;-44;37;152;-72;78;-164
-150;36;-145;5;146;-38;-3;0;-75;82;63;-155;-132;171;-181;-16;-163;-66;153;-16;45;111;-59;-21;-160;-120;-128;105;156;173;141;0;111;-46;-72;-6;-107;-142;140;156;7;-60;44;101;8;30;17;32;2;135;111;180;-143;60;22;-139;-22;-75;-68;149;-85;-158;-103;-100;29;50;-44;-29;-6;127;-138;9;-163;40;-77;190;73;172;129;-66;-166;-36;78;159;-77;190;-145;-140;30;30;-139;175;149;115;-200;-167;-176;98;-137;-135
-121;199;-168;-175;93;92;56;66;-181;148;109;192;82;-153;-119;-162;-59;-179;150;147;114;-1;-77;-158;86;-13;72;-141;-165;-33;-172;-93;-163;-39;-183;-72;-141;6;49;126;-107;177;-119;17;12;-45;-99;27;-39;-6;-76;-38;-21;-194;191;184;-171;94;-137;-50;75;187;-122;-181;187;-17;63;196;-157;-16;122;36;-33;40;-147;-171;19;6;31;152;129;-143;-163;116;5;128;-37;-37;100;-129;120;173;-13;-66;6;162;125;-152;-144;182
114;86;66;-154;-193;199;-171;-86;128;-1;-72;96;-72;-190;-77;141;-132;-61;114;113;-144;46;-89;-45;100;63;170;-87;-198;184;-145;-105;-163;-20;65;-199;-150;-131;-152;171;5;142;-10;-43;159;29;-45;-22;-62;26;-154;-196;43;48;38;-91;170;-166;-150;-89;-135;-179;-156;33;-134;-12;-51;25;-112;-36;182;137;-153;27;-27;48;-164;-157;-163;163;-43;87;111;76;124;-183;-30;185;20;-3;-26;-17;18;105;143;176;93;83;12;-29
99;118;94;138;178;-124;-127;71;148;75;-42;158;131;71;191;151;-13;-163;109;-163;100;-145;38;26;82;32;63;-2;-117;45;-74;-199;52;9;13;110;-34;53;121;140;72;-161;-93;-70;105;163;145;51;31;155;63;34;-145;3;155;116;24;60;86;-71;11;-2;-22;60;14;-51;-147;135;-134;119;-148;85;71;196;-9;-32;184;30;-79;54;193;-15;-139;-103;-118;-132;187;-158;-90;-26;-132;-178;126;42;-62;91;-82;122;110;-181
-60;147;-50;156;-87;-122;-93;156;198;17;-25;27;7;-58;195;-76;75;-170;-167;-160;-23;147;163;-166;135;58;-47;-199;185;108;146;-140;-120;93;160;-81;148;147;-23;1;29;-35;-5;-57;7;-128;161;22;53;-50;-114;175;-99;145;194;-183;-64;88;-193;-94;-179;-197;59;-173;-100;167;-169;114;187;-79;-129;-160;139;-122;37;125;13;8;84;-142;118;18;196;-87;-108;136;-3;-16;-64;-185;-15;47;7;-146;101;-1;105;-151;-100;185
-5;181;0;-76;172;-2;-189;-124;-34;-39;19;98;-147;-113;-155;121;-144;199;118;-195;148;-100;11;-164;91;-44;-183;123;-121;-139;198;118;181;152;-63;-150;141;-175;-69;-159;89;-112;-99;149;-37;-127;-198;-200;10;72;-4;-95;-167;-9;14;101;-180;5;-103;-112;-34;157;-122;-114;153;-56;42;139;98;124;29;28;102;142;93;105;-145;116;-54;-118;114;16;-50;-75;-15;170;-111;161;152;35;-199;-75;-62;127;-122;181;-57;65;-55;54
146;-34;-152;-158;28;29;192;123;-6;195;147;58;-13;-120;-140;35;-88;154;-122;127;-170;-154;-62;-158;146;89;111;42;-80;148;-44;40;65;74;100;43;-107;-41;84;12;-137;21;-198;71;134;-169;-138;-15;122;-116;-55;-34;-171;-118;163;-174;-141;190;-163;-147;-34;157;53;109;145;-139;-121;46;-58;158;153;198;-152;195;125;-46;63;145;-170;-55;-93;-93;89;-119;142;16;-8;7;-3;-113;-194;57;-84;-147;-1;117;135;-46;-159;121
139;-188;50;72;26;-118;158;167;-42;-39;-157;193;-2;54;87;-78;145;-146;36;152;-91;64;53;-113;-50;117;159;92;123;129;15;144;-26;-171;-200;153;199;149;174;-138;6;-3;187;116;17;-55;56;125;170;82;132;143;-114;34;-102;139;161;126;57;114;198;17;111;157;76;-78;146;-92;-60;41;39;-78;-150;-128;168;-186;-41;26;194;-87;-72;175;-114;-30;116;66;-3;-61;-90;-49;68;-166;-125;-190;89;7;46;182;198;-120
8;20;23;-50;124;82;30;145;170;-45;182;93;-96;188;-79;177;-74;-125;-5;38;-106;62;148;57;-12;131;-146;145;118;-45;64;-188;113;58;-26;-36;113;103;185;-46;-42;-189;195;138;-66;99;-54;-89;-49;-78;-79;4;-124;-87;64;111;120;85;96;-33;166;-47;95;26;79;198;188;-28;-173;80;-137;-42;47;-51;103;-14;-189;-191;149;192;-6;44;-152;71;-192;68;-178;194;152;-4;15;-13;-130;-9;-19;12;-10;-64;14;183
-194;187;-181;-84;118;-77;-17;42;-5;-18;-181;136;193;-76;-174;-99;-168;-97;102;124;-48;-167;71;-31;-128;-180;-24;190;112;-167;58;87;105;60;178;36;-72;-3;-168;36;-80;34;138;35;8;-126;-108;19;12;-13;-146;-130;-25;-178;67;-51;-159;-29;130;-190;165;22;139;-158;45;196;-92;-141;-91;-106;167;-148;-73;-152;-117;-54;-37;-172;178;119;-51;-120;153;-174;176;164;171;31;175;197;138;-129;45;-50;-22;-67;158;138;96;85
-8;-113;-191;176;33;-89;154;-165;-158;58;-103;131;-48;-97;-7;139;113;-93;64;28;-117;96;-2;-30;173;123;49;72;25;100;-158;107;13;-178;166;-74;53;63;0;169;-56;151;26;-67;183;128;-85;49;27;-6;44;184;-56;-9;120;31;27;165;162;-187;-28;-87;57;-127;75;60;-177;-117;-111;127;-180;15;62;101;-87;-55;26;8;192;-71;73;141;-98;-21;-127;-18;-107;-86;-127;-136;37;101;30;105;48;67;31;116;160;-44
0;78;47;44;169;194;-171;-179;-166;5;47;44;75;-149;39;-31;-106;150;-96;8;-186;61;-99;-105;149;32;151;110;-162;16;17;132;15;-30;191;65;-99;92;-43;-79;-157;77;194;-96;125;128;-85;123;162;-106;139;-181;-60;129;120;114;-81;-125;-146;175;-158;175;-145;-42;127;176;79;112;-111;-38;130;43;143;161;43;99;-25;149;90;151;-20;-29;-3;148;18;129;-78;-18;120;-7;-38;-127;-130;137;183;121;-49;179;-53;163
97;-95;-105;191;-195;147;-49;-177;-179;-34;49;-86;-160;35;-146;198;8;69;-113;-150;-180;22;-166;-10;64;199;-130;-30;-154;-33;-17;82;-58;30;184;-20;142;154;-70;10;-100;-196;-13;-48;-145;-116;-66;129;39;141;-47;-43;-9;13;162;131;120;-40;-83;-6;-106;41;71;-93;-192;-87;-82;-104;-146;-26;-98;75;71;-7;-104;122;-82;-153;35;-182;-81;10;-121;-193;82;86;-125;136;94;80;186;48;-13;140;137;-48;-111;-167;50;-14
51;183;56;-197;-127;-168;166;-105;55;-140;186;-141;-119;-155;43;-69;-20;-57;92;178;64;-25;-75;14;-3;-149;-21;-75;51;3;-32;-159;189;20;188;-53;-26;-99;91;167;-145;114;73;-113;157;-22;-170;-176;27;163;-80;165;21;151;-128;155;174;-9;-139;-61;114;-1;-12;94;-30;-105;115;-84;142;123;101;3;188;-4;139;-174;193;196;-16;-112;156;156;-91;41;-17;-193;60;-61;-178;88;-97;-133;55;-145;-178;76;-40;42;-139;-50
109;-85;-46;97;6;86;172;171;-11;-64;123;-21;159;-127;-83;79;-46;41;46;-185;151;132;9;-17;-21;-77;152;-131;-47;89;-172;-60;105;46;134;-129;31;31;21;-149;179;64;-98;2;108;189;56;112;88;-51;104;-197;-139;-21;-21;137;69;-123;-130;13;141;172;56;154;90;132;-194;92;-125;-42;-193;-40;165;115;-111;69;196;107;-164;-200;119;145;-43;-27;119;160;49;48;168;-172;-112;-161;-174;-100;-65;-5;-63;-125;122;-121
133;-124;-108;159;-3;-27;-100;27;-136;123;73;65;196;129;-115;183;66;6;48;136;-26;-42;-78;89;-106;107;91;69;-62;-140;-113;42;-108;85;-60;8;-57;-195;115;44;119;38;146;93;18;-112;73;110;-12;-75;-196;-139;71;38;-36;69;199;-71;-42;-48;-125;60;-117;134;32;-132;3;9;38;-15;-193;173;-161;-194;27;-194;114;-169;-82;-28;-115;156;-109;181;0;-55;176;137;185;-176;158;79;141;37;-90;154;160;-77;-94;186
-54;-60;121;72;-98;14;-174;91;149;126;-166;-141;73;69;-50;26;-146;-126;-176;-191;175;130;115;0;78;70;-108;163;-42;-11;-137;0;-27;-157;62;-69;127;-182;49;-71;31;-48;36;-125;-168;-73;-200;98;4;93;-105;95;-147;-70;184;-164;-171;200;58;170;-98;-118;64;-44;-168;-129;-176;-144;-108;27;161;-200;-109;113;-134;158;-179;-84;-81;46;-55;172;118;-175;87;114;-89;171;-88;-173;-6;-125;165;162;197;131;49;-109;-79;-136
42;-151;-153;-109;-83;54;105;-126;-17;9;89;-119;-166;137;106;146;-24;108;-160;155;8;-99;18;37;-88;60;141;-37;37;-143;12;116;-189;-182;145;80;-194;25;32;32;-42;155;147;171;-43;-110;138;-195;129;-112;-60;92;40;134;-40;146;-118;-191;165;-180;-69;-65;-135;-134;-130;147;44;-85;127;-180;-23;184;-188;17;175;-2;-125;-128;-24;-118;-22;162;70;9;-177;-97;-140;-94;-141;-168;-29;78;196;-74;52;114;59;-61;55;-84
7;-38;-125;-51;-53;-200;82;-109;-57;-84;108;-73;148;163;-37;120;-182;47;72;-116;190;76;38;98;63;-24;147;-193;-57;72;-105;95;-100;-106;-85;-68;133;78;37;-149;-53;-71;-193;-117;171;136;-34;106;-9;-150;-5;11;-140;-86;-127;-34;-26;-182;-101;83;-195;116;-149;153;-119;87;-97;167;-32;177;61;98;68;-43;29;153;-83;123;170;88;-165;-193;-190;-51;-94;-1;-55;-54;-187;13;119;54;-169;129;-24;117;-71;105;-156;178
140;-30;-130;122;187;169;111;89;24;100;163;197;123;-69;58;-64;-96;16;44;144;59;1;195;-191;154;189;-128;151;-37;-185;-199;-40;-188;13;109;-5;150;87;-78;-36;130;-163;44;-84;-108;-166;120;75;12;25;198;177;-73;91;-187;-197;145;193;26;45;124;68;-157;-78;-194;196;7;-155;-25;-37;133;-77;117;143;-49;177;-155;84;-61;133;8;-186;-190;-107;109;-169;-122;128;121;-53;-112;13;-147;181;186;-41;-106;-37;17;147
69;36;-147;-123;44;-38;-99;-173;159;83;-133;-11;33;-44;-113;-103;-69;-97;146;-110;124;16;87;-57;-149;146;71;64;-25;149;-138;-24;92;166;45;-138;-184;76;111;-174;-91;67;136;-130;49;-169;-94;-63;147;-48;113;-38;-104;-155;14;-47;197;127;-144;11;69;-189;-143;-64;130;-73;71;132;165;-170;41;123;53;-87;128;164;109;181;-105;-192;58;-79;28;-10;59;-40;-110;143;-121;95;-28;7;-131;68;-166;194;-177;-78;-106;86
169;-132;82;185;-66;-51;89;-9;-96;-63;177;-67;83;135;3;-13;48;-55;-70;40;41;141;-124;13;-71;180;102;-68;107;-123;159;79;182;63;-41;50;-121;-108;74;10;-5;50;178;-44;-173;66;-84;-96;-96;-79;66;164;52;22;-18;94;139;-54;-149;152;169;125;181;61;-184;99;23;-182;29;84;45;-23;-3;150;187;-4;91;-22;63;-96;30;-53;63;104;57;191;27;-133;-68;104;-83;-29;6;90;-12;111;-77;-97;-177;118
-40;125;3;169;-137;-86;64;-101;-100;-30;-96;-25;120;-127;124;-80;31;-40;166;-198;99;14;134;10;166;-150;-181;20;-171;113;-157;123;-55;126;129;-37;149;170;180;-43;6;-38;-12;70;110;-122;25;156;148;55;196;-123;-88;-138;-156;140;65;35;45;19;22;-41;150;-113;-140;-100;143;-192;-126;39;181;103;70;152;194;-160;121;19;-197;187;102;-188;-9;-85;150;-80;55;-36;18;83;197;41;149;43;177;-9;69;-105;177;93
-29;-152;-101;64;126;114;16;50;122;-57;-119;125;69;-115;-105;-143;16;143;-19;190;-8;-78;46;32;186;-186;192;-143;-60;-189;153;-9;-114;-180;-52;-164;-32;-168;145;82;53;16;96;-162;147;159;20;88;-190;5;-21;192;-40;95;-129;90;-170;-131;35;125;2;-189;70;40;111;-169;-129;189;134;-38;137;22;166;158;-38;71;46;-57;193;145;-1;105;-68;-123;-98;-150;-171;-142;-48;-48;-13;-133;-23;-18;-27;52;-108;-154;18;-75
198;154;80;-92;-148;-52;-72;-158;-61;-179;-103;115;-107;-70;154;-161;27;-150;49;-32;3;-127;-164;36;54;174;-179;-121;-197;14;-60;117;-174;-63;13;-43;-4;-59;-43;187;-122;-171;43;59;128;199;-11;-117;-69;-135;145;118;65;-156;-74;163;23;-199;11;130;170;24;-84;-18;33;90;98;-56;181;-112;-34;17;25;108;164;98;-12;109;-197;-159;136;-15;15;-61;-104;-86;18;114;110;-132;-89;-35;-96;14;-13;-185;124;1;-83;104
153;102;101;-80;-92;-23;-41;-171;145;181;-31;-165;160;-50;-158;116;-16;-78;33;20;99;-104;107;-180;-46;-120;-152;39;40;51;-172;-113;-157;91;59;76;-22;-36;183;120;-29;92;-155;54;109;-118;24;-95;121;48;90;-132;-121;123;-86;-74;45;-92;-37;40;17;100;108;105;-117;98;143;189;179;-71;-22;-172;-44;-190;67;58;138;153;118;9;169;70;30;-5;134;-77;-42;-198;104;-88;143;121;-128;-163;63;-168;148;-130;148;-116
-101;166;198;94;165;64;-151;144;-15;-58;-146;92;200;-30;183;-135;-185;151;103;181;-150;167;-12;-21;79;73;-168;-120;6;-60;190;148;107;1;-172;-61;168;111;-85;168;-175;92;85;191;-187;-9;71;117;133;-60;-18;-170;189;28;84;-159;38;-137;-22;-29;87;147;-81;31;-140;-140;167;145;150;-163;-96;-179;-191;-11;173;-45;-174;-125;-137;199;33;79;175;-121;-120;-173;136;-91;140;-120;-190;-49;-53;107;187;188;161;-104;163;48
0;41;141;62;2;-172;-41;99;127;166;-35;-66;-150;29;-139;-84;-117;50;-184;100;72;198;-170;171;0;-56;-59;194;-12;-21;10;142;28;35;-65;67;66;163;16;10;-182;-111;-175;-71;-77;-5;-108;162;178;72;22;-89;-198;-104;-26;-31;138;24;-146;156;-110;134;102;154;184;66;161;106;-107;123;-182;-200;-57;163;-48;195;101;-38;-110;-31;-70;-167;123;180;21;-29;44;71;-82;141;75;-6;0;-91;74;125;-162;-143;-4;91
51;6;-89;71;-124;137;79;-154;-18;-67;173;-169;64;-15;133;-5;-119;-35;37;129;-59;99;-122;160;129;-102;-156;180;-102;49;-73;146;-1;-187;-108;151;125;-4;138;41;23;64;-143;155;95;-177;-131;67;-73;188;-179;143;43;-88;-92;121;-118;-31;-141;87;-112;77;-31;186;-39;83;141;174;-157;78;4;115;-152;121;147;130;-134;175;-120;173;-62;-129;193;136;77;35;-124;-169;115;-143;187;-98;-38;-37;141;-120;154;198;140;-175
-3;45;46;195;-73;122;-119;-17;-179;-42;-45;69;-27;159;-117;-173;122;-159;-113;134;-82;101;-76;62;-107;93;39;142;161;-53;-143;-31;88;-55;67;128;179;11;-191;166;55;153;-100;182;-194;138;-187;-10;189;-93;60;31;-149;-92;-183;57;56;139;-36;-54;146;-114;-35;116;-92;-111;-161;37;-52;105;-11;19;5;136;-93;-167;115;-137;-192;188;-147;-155;-118;123;-25;74;63;9;114;-141;130;-92;-6;-104;28;-49;65;50;54;172
-114;122;-167;91;-143;126;46;83;66;43;189;146;-80;-186;-182;139;72;55;-194;40;106;189;-50;-69;148;195;-63;68;26;190;75;-51;64;-106;-194;-36;-94;81;-29;174;-160;131;48;31;-108;-95;149;-64;-188;104;-164;55;-25;174;105;117;-43;-153;-189;90;-190;162;8;-26;166;-80;86;147;-113;-49;-146;135;-117;-185;33;144;-200;-196;3;-148;-100;-88;-2;70;-71;170;-129;-81;2;172;-127;-166;29;23;-172;-184;37;64;193;-20
-116;10;-86;64;-59;122;-94;154;-125;-14;85;27;-17;139;-65;-197;157;-191;-188;126;-122;-169;-39;-153;48;23;-48;-113;-114;-154;55;-67;17;-111;-13;-185;-79;-177;-43;110;-14;-134;-132;-178;-138;85;18;10;58;153;152;-96;-198;-110;-109;-145;-141;-142;-92;-42;-72;-161;-161;190;-86;28;-181;35;-19;66;-186;-132;-173;-31;-41;11;187;-108;157;-26;-134;23;133;51;-100;-197;72;30;90;110;171;-3;-73;42;46;132;33;-153;128;-121
23;-190;75;-157;52;-27;-112;92;103;149;-4;-43;163;-183;12;9;-166;-110;76;-100;186;85;185;51;51;43;-187;-144;-121;117;65;29;17;87;-97;38;184;-155;66;8;-150;146;-156;-188;-191;2;-55;-171;-90;34;-15;-130;1;-77;-111;121;-24;182;124;6;-135;-104;-52;165;-25;-156;-135;-80;-92;-55;-192;-123;179;-12;90;139;-139;6;-43;122;25;-161;-64;-114;188;54;186;88;178;-71;-155;-200;189;-135;19;-38;12;193;0;33
-69;-115;-183;103;-185;-72;-109;-76;-134;8;-102;30;-120;50;-53;100;-57;103;73;-7;162;-40;-46;-4;5;42;63;166;-104;37;-34;-56;-23;173;120;-31;-39;-118;-100;148;-55;43;183;-2;-40;116;34;75;4;-20;60;107;73;36;-133;125;41;163;-62;-23;-78;-34;-26;-136;69;161;32;174;0;40;-190;-165;95;44;34;133;-47;-20;-130;126;25;188;-37;17;-111;-198;-61;-39;-115;-18;102;-16;170;91;197;196;70;132;-62;-115
-115;-16;15;-54;-71;-126;-21;19;-194;-181;-18;167;98;-104;-152;-123;156;199;-38;-4;-188;-3;166;10;-71;-18;79;57;-12;-167;-144;132;113;57;120;15;23;194;80;53;171;30;64;146;-178;-76;-190;-9;161;-139;41;-88;145;-65;60;12;-13;184;-29;170;-68;118;-164;41;-57;47;132;198;-85;98;35;95;-149;-102;28;-161;30;-170;-123;124;-61;-163;-39;84;-1;87;146;-177;-35;-165;152;77;16;11;38;-165;183;107;-175;96
99;191;-157;103;101;-37;0;-17;-43;107;34;-38;133;174;49;-136;10;152;121;145;58;-134;164;111;163;131;178;192;103;-18;-106;123;30;3;7;-177;179;-167;-157;84;-148;-33;-8;-150;180;-74;176;-12;-40;192;-97;-41;-68;-126;9;-123;-121;198;65;156;43;-158;162;-111;-37;-191;116;27;195;-16;-110;-81;131;-170;184;-100;-180;-128;-193;-132;82;30;167;192;134;39;-155;4;10;-90;-94;-166;-177;87;102;-196;109;-113;-24;111
-119;-155;187;-26;95;142;-72;112;-82;46;-5;-152;121;-81;-176;-6;-55;44;-141;191;-191;36;-160;0;91;54;-54;-15;130;190;-162;124;-188;114;-67;4;47;-70;-180;-107;51;-125;73;65;-22;-99;91;-39;132;161;72;170;155;16;75;21;128;176;-76;100;-86;-53;-192;-140;75;-115;42;-48;126;-94;11;161;-46;-178;36;-72;54;20;106;197;-172;-7;-184;-156;-100;-134;132;-88;-105;-117;25;51;-194;67;162;177;-83;-143;128;-187
-91;147;127;-130;40;-122;-71;-171;-36;-9;-170;-184;-118;102;110;-67;142;14;99;-124;-186;-88;-10;-156;120;-35;94;36;-73;-29;62;59;106;-99;31;-197;66;-62;185;-161;159;-14;41;-101;-71;9;-164;151;-183;181;165;-75;21;65;-56;141;-197;8;-64;-158;-67;165;63;-199;130;105;-36;165;-52;82;-180;-144;183;-124;-71;49;-54;-151;-133;120;27;78;100;62;-190;-61;-194;15;-64;-38;-125;105;-141;-86;-50;-170;39;56;-30;-57
-75;33;5;-110;-12;-68;-183;169;159;37;-49;195;109;-141;67;82;-58;-156;38;11;-180;196;8;27;-90;-125;-88;-175;-49;-95;88;54;-186;110;-168;-178;-156;107;40;-15;187;-109;-164;-134;-61;-154;-48;-70;31;-112;90;-119;162;37;199;128;24;-53;-168;21;60;32;99;57;87;-103;-172;68;-80;-195;79;108;-161;1;-67;-165;173;-32;-46;86;-37;104;68;113;-71;-26;156;-135;-12;-34;-155;-141;-72;-66;171;8;-89;46;-111;-34
190;32;120;91;-115;172;-180;-114;125;119;92;-127;2;188;158;199;-66;-7;-43;-57;80;-165;-48;182;181;-96;-176;-49;3;1;-191;151;83;-14;93;-79;144;78;101;108;-137;-110;183;-135;-16;53;17;148;-141;68;26;125;-113;25;13;118;19;164;-58;90;-65;-43;161;115;165;21;-122;-179;176;101;109;-163;63;15;-183;149;94;37;-121;142;161;-109;-173;-159;-198;-1;62;199;-183;-191;-123;-127;8;94;-15;-177;178;-51;107;167
80;-130;-114;6;75;199;-32;28;116;56;-185;24;-49;-47;-10;152;-82;-144;103;-62;80;-48;-145;30;123;-46;-99;161;185;-18;-122;-62;-18;-138;117;173;129;-189;179;-64;16;162;48;-137;-123;-148;-51;185;-12;-2;-173;173;-144;180;-73;170;-69;106;65;-194;29;-83;-4;112;-99;146;121;147;-3;-118;-52;-137;87;69;-150;43;-176;-107;-144;-39;-22;-113;-2;-82;53;130;-31;-85;110;13;-48;37;50;-160;-150;13;35;142;-162;150
56;-121;-165;58;-197;175;58;-177;155;-8;34;50;-6;-186;-194;-49;-148;98;71;191;-88;166;50;-176;-99;161;68;-68;144;35;-146;-183;-195;98;20;-28;-127;-56;-115;37;-125;181;-157;103;-128;126;-131;183;89;-4;23;85;103;190;-4;101;154;135;-138;-183;101;-116;-78;-67;-80;-73;24;8;174;150;73;67;197;-174;159;74;-104;-79;-175;-69;144;89;-47;-165;27;-133;-83;114;-46;121;-73;-115;129;102;101;-129;100;70;147;-48
