00000000001100000000000010010011
00000000010000000000000100010011
00000000010000000000011100010011
00000010111000010000011000110011
00000010110000001000000110110011
00000000000000100000001000010011
00000000000000101000001010010011
00000000000000110000001100010011
00000000000000000000001110010011
00000000000000100010010000000011
00000000000000011010010100000011
00000010101001000000010010110011
00000000100101011000010110110011
00000000000100111000001110010011
00000000010000100000001000010011
00000000010000011000000110010011
11111110001000111100001011100011
00000011000000000000000110010011
00000000101100101010000000100011
00000000101100101010000000100011
00000000010000101000001010010011
00000000000001011000010110010011
00000000000100110000001100010011
00000011000000000000000110010011
11111100000100110100010011100011
11111111111111111111111111111111